100
689 965
988 789
87 767
206 851
39 546
322 323
75 80
185 566
103 265
881 487
992 995
190 210
568 385
456 581
516 311
128 334
417 531
322 565
961 912
783 552
518 917
449 566
192 325
40 550
204 414
922 295
675 840
561 695
774 778
220 702
311 625
334 729
418 988
907 545
758 621
605 192
483 328
970 75
545 625
17 243
344 906
377 102
389 833
660 578
971 628
791 183
691 80
240 894
582 721
148 204
419 496
793 584
810 730
813 346
871 486
150 149
760 978
358 405
248 232
340 585
328 329
574 129
830 422
501 403
88 76
493 824
476 813
825 848
112 794
293 659
19 313
708 484
478 642
423 714
723 835
645 350
381 563
877 90
922 663
754 387
229 409
258 794
994 326
673 947
152 510
292 454
940 681
565 14
622 90
652 188
999 788
681 253
431 143
443 914
937 735
927 450
40 906
430 611
55 914
491 152