1000
2 1 2804
3 1 2958
4 2 750
5 4 4440
6 4 1421
7 3 2543
8 3 1458
9 8 4733
10 1 1632
11 7 494
12 1 4584
13 3 1932
14 5 531
15 14 4328
16 11 414
17 11 4829
18 5 1624
19 12 1185
20 14 2188
21 15 2326
22 20 149
23 3 3594
24 4 671
25 10 1269
26 20 866
27 5 3810
28 22 2881
29 9 1599
30 24 2426
31 27 2114
32 18 3092
33 23 554
34 24 4742
35 1 3626
36 35 932
37 30 585
38 32 4954
39 3 2399
40 21 3694
41 22 3098
42 12 2505
43 42 3670
44 30 2723
45 18 3455
46 20 419
47 32 1255
48 32 4832
49 23 2533
50 12 4120
51 18 4504
52 27 3124
53 9 4153
54 19 2813
55 38 3344
56 22 4578
57 9 4211
58 55 2288
59 5 4482
60 58 3574
61 30 2611
62 39 4663
63 3 4859
64 8 2307
65 14 4519
66 6 2402
67 21 4030
68 37 2191
69 21 1905
70 69 3396
71 62 4829
72 57 4875
73 16 4225
74 8 2491
75 14 4091
76 33 4822
77 73 1479
78 31 871
79 61 2217
80 75 850
81 10 4612
82 40 3978
83 27 348
84 6 2480
85 40 2922
86 31 3990
87 34 3940
88 33 2742
89 1 1398
90 56 4049
91 76 1722
92 78 3298
93 72 473
94 9 3826
95 3 1084
96 85 3435
97 22 2646
98 85 1364
99 47 3205
100 30 1054
101 13 1390
102 13 4065
103 38 2928
104 49 4137
105 39 4291
106 59 4629
107 33 3899
108 8 1663
109 19 3722
110 29 3523
111 49 3099
112 84 3341
113 20 71
114 16 3632
115 98 3963
116 115 3633
117 37 4315
118 116 2380
119 77 4386
120 102 529
121 84 3462
122 114 1288
123 67 793
124 85 2856
125 21 1675
126 3 1531
127 3 4402
128 17 400
129 10 1408
130 38 656
131 27 2177
132 11 116
133 123 2667
134 64 1164
135 111 4461
136 135 547
137 17 1051
138 116 1211
139 96 3189
140 127 3293
141 8 92
142 45 2277
143 29 4021
144 107 2876
145 26 951
146 13 3381
147 100 3228
148 94 1842
149 36 4864
150 5 2451
151 86 4120
152 37 266
153 34 1979
154 96 2676
155 93 2592
156 29 102
157 92 3272
158 108 72
159 50 2463
160 56 2760
161 86 227
162 29 3500
163 162 256
164 143 3067
165 10 1346
166 59 2984
167 138 675
168 118 3908
169 53 4171
170 145 3416
171 149 2583
172 81 3105
173 50 4192
174 128 1093
175 140 437
176 67 1185
177 131 2268
178 141 2918
179 91 1906
180 14 3294
181 61 3304
182 70 2561
183 163 536
184 9 3958
185 134 1536
186 178 1912
187 161 3138
188 57 4991
189 165 3573
190 122 4360
191 78 2275
192 84 979
193 103 3749
194 67 429
195 74 3066
196 172 1592
197 64 2022
198 65 954
199 136 1531
200 164 2967
201 52 2707
202 197 4321
203 66 2672
204 78 1448
205 32 4868
206 20 1016
207 197 1075
208 100 886
209 171 2240
210 47 1407
211 93 2834
212 167 355
213 37 3167
214 51 4169
215 3 4457
216 32 2667
217 61 2964
218 207 1299
219 33 1531
220 22 4435
221 109 4846
222 116 684
223 185 336
224 149 4812
225 100 1141
226 99 1605
227 213 4356
228 215 3764
229 83 3027
230 211 3846
231 13 4164
232 96 1314
233 26 1388
234 160 3939
235 193 587
236 85 3984
237 15 4889
238 122 4088
239 212 4090
240 151 521
241 3 838
242 92 2252
243 117 2752
244 159 2166
245 50 1526
246 153 1921
247 65 2813
248 74 4580
249 83 972
250 57 400
251 150 3629
252 95 724
253 45 4424
254 149 2096
255 84 3122
256 188 2023
257 39 3986
258 169 2861
259 242 308
260 187 3264
261 41 1660
262 2 2312
263 32 2860
264 237 3394
265 44 2244
266 8 1520
267 181 3968
268 131 4228
269 112 3583
270 176 474
271 24 2778
272 209 3876
273 17 2209
274 143 1011
275 25 3598
276 32 2594
277 12 2933
278 49 3170
279 130 3286
280 230 4221
281 49 3792
282 181 4777
283 173 2792
284 38 2628
285 92 217
286 195 3440
287 67 1891
288 151 4292
289 103 818
290 26 3564
291 61 4999
292 119 2029
293 168 3781
294 50 827
295 139 3861
296 1 3526
297 77 4393
298 173 4358
299 146 4923
300 52 6
301 283 2953
302 234 3586
303 267 998
304 207 499
305 44 2622
306 253 4753
307 97 3516
308 202 3414
309 154 3499
310 66 528
311 216 4091
312 303 816
313 60 4576
314 36 1087
315 172 4472
316 162 1884
317 125 4521
318 314 232
319 184 3177
320 154 3804
321 255 4630
322 50 4677
323 43 3410
324 106 19
325 144 475
326 222 750
327 64 95
328 292 1383
329 17 2151
330 29 72
331 284 3202
332 152 3576
333 332 3247
334 333 3280
335 334 1269
336 335 207
337 336 3779
338 337 2293
339 338 7
340 339 465
341 340 4925
342 341 3477
343 342 793
344 343 290
345 344 4474
346 345 4183
347 346 2454
348 347 2694
349 348 1355
350 349 1977
351 350 4006
352 351 4161
353 352 1181
354 353 1120
355 354 376
356 355 3277
357 356 176
358 357 979
359 358 25
360 359 1872
361 360 4658
362 361 2133
363 362 1264
364 363 3428
365 364 2327
366 365 516
367 366 2569
368 367 1296
369 368 4819
370 369 4266
371 370 3105
372 371 2229
373 372 226
374 373 2713
375 374 3879
376 375 1154
377 376 3884
378 377 3121
379 378 546
380 379 1293
381 380 3296
382 381 2402
383 382 29
384 383 174
385 384 1066
386 385 4041
387 386 2395
388 387 2128
389 388 2904
390 389 2992
391 390 32
392 391 2801
393 392 2268
394 393 3135
395 394 807
396 395 2793
397 396 2214
398 397 2366
399 398 2964
400 399 3959
401 400 1614
402 401 1159
403 402 2876
404 403 2089
405 404 3872
406 405 1778
407 406 3936
408 407 3468
409 408 2241
410 409 4223
411 410 4393
412 411 2056
413 412 434
414 413 3733
415 414 3577
416 415 2257
417 416 2105
418 417 1090
419 418 2362
420 419 3286
421 420 3121
422 421 441
423 422 3392
424 423 1827
425 424 4235
426 425 305
427 426 4961
428 427 2091
429 428 1906
430 429 1087
431 430 3941
432 431 1519
433 432 157
434 433 1587
435 434 4679
436 435 2138
437 436 4526
438 437 2940
439 438 1303
440 439 4288
441 440 106
442 441 3927
443 442 4888
444 443 3682
445 444 3600
446 445 2976
447 446 2367
448 447 3536
449 448 4559
450 449 3551
451 450 689
452 451 1124
453 452 4
454 453 4678
455 454 838
456 455 1174
457 456 2767
458 457 1049
459 458 2855
460 459 3567
461 460 1818
462 461 1845
463 462 1563
464 463 1154
465 464 283
466 465 2874
467 466 1899
468 467 3847
469 468 4054
470 469 1439
471 470 2731
472 471 4165
473 472 4788
474 473 3074
475 474 3181
476 475 4194
477 476 554
478 477 4711
479 478 3228
480 479 1259
481 480 2939
482 481 1425
483 482 2533
484 483 3355
485 484 399
486 485 2817
487 486 1516
488 487 479
489 488 750
490 489 3506
491 490 4372
492 491 3478
493 492 86
494 493 2736
495 494 2471
496 495 3261
497 496 2365
498 497 3735
499 498 3399
500 499 726
501 500 1078
502 501 3520
503 502 4483
504 503 3120
505 504 820
506 505 1524
507 506 1336
508 507 1930
509 508 1498
510 509 1645
511 510 621
512 511 3056
513 512 2822
514 513 1596
515 514 629
516 515 393
517 516 4312
518 517 3208
519 518 755
520 519 2466
521 520 1359
522 521 1420
523 522 3098
524 523 549
525 524 2068
526 525 4254
527 526 4080
528 527 2053
529 528 604
530 529 4920
531 530 1830
532 531 1819
533 532 1313
534 533 2502
535 534 181
536 535 4420
537 536 1943
538 537 4413
539 538 2536
540 539 3875
541 540 1481
542 541 4587
543 542 3982
544 543 4106
545 544 2886
546 545 1317
547 546 656
548 547 3490
549 548 2107
550 549 2078
551 550 3949
552 551 4157
553 552 2980
554 553 934
555 554 4367
556 555 4659
557 556 422
558 557 3934
559 558 1053
560 559 1567
561 560 2445
562 561 4284
563 562 1326
564 563 1578
565 564 4815
566 565 3802
567 566 1744
568 567 320
569 568 1416
570 569 1209
571 570 3451
572 571 4900
573 572 673
574 573 1880
575 574 985
576 575 1773
577 576 2438
578 577 3993
579 578 2664
580 579 751
581 580 3598
582 581 590
583 582 4946
584 583 3526
585 584 971
586 585 2673
587 586 3840
588 587 379
589 588 3135
590 589 523
591 590 3998
592 591 3009
593 592 3360
594 593 969
595 594 1431
596 595 2198
597 596 3261
598 597 2404
599 598 4291
600 599 4084
601 600 4573
602 601 337
603 602 2075
604 603 898
605 604 3628
606 605 4050
607 606 3485
608 607 1100
609 608 4949
610 609 2595
611 610 2221
612 611 1429
613 612 1271
614 613 302
615 614 2969
616 615 1856
617 616 4339
618 617 2801
619 618 607
620 619 2143
621 620 4963
622 621 1365
623 622 2185
624 623 893
625 624 2212
626 625 442
627 626 1540
628 627 4704
629 628 450
630 629 3788
631 630 3513
632 631 34
633 632 4703
634 633 3580
635 634 1179
636 635 3262
637 636 3515
638 637 4048
639 638 4899
640 639 1922
641 640 4188
642 641 2740
643 642 431
644 643 541
645 644 3302
646 645 2570
647 646 1739
648 647 3058
649 648 3001
650 649 4576
651 650 2859
652 651 460
653 652 1798
654 653 2149
655 654 4122
656 655 3209
657 656 3153
658 657 1183
659 658 3687
660 659 3186
661 660 2511
662 661 3781
663 662 651
664 663 1161
665 664 4082
666 665 2187
667 666 1727
668 667 2691
669 667 4124
670 669 4708
671 668 3341
672 670 292
673 672 2902
674 673 3686
675 670 2955
676 670 2223
677 672 934
678 667 1644
679 668 2591
680 672 4642
681 670 3704
682 670 3482
683 674 1704
684 677 875
685 684 930
686 678 3053
687 672 3237
688 667 2555
689 667 4458
690 675 2970
691 685 110
692 683 2333
693 681 361
694 673 1713
695 679 4412
696 685 407
697 679 2090
698 685 4270
699 680 1459
700 678 1116
701 675 843
702 676 4048
703 699 3935
704 675 3293
705 672 1235
706 696 2568
707 685 2559
708 707 3112
709 670 4194
710 671 1899
711 676 2275
712 672 1509
713 712 3592
714 710 4045
715 676 4483
716 689 4029
717 703 2078
718 680 4776
719 671 232
720 692 1030
721 698 3951
722 691 4173
723 705 3234
724 719 1154
725 672 4599
726 711 1008
727 679 4931
728 709 1190
729 699 4274
730 721 2548
731 727 134
732 730 1665
733 707 185
734 719 1476
735 677 3800
736 732 4656
737 688 4548
738 683 3411
739 700 4640
740 682 3362
741 677 495
742 687 125
743 736 3361
744 735 2560
745 679 696
746 719 3601
747 719 3742
748 717 1316
749 669 2231
750 749 384
751 742 3330
752 680 2314
753 711 4039
754 748 430
755 734 2166
756 736 1670
757 721 815
758 756 2781
759 679 3695
760 703 228
761 717 2637
762 740 1370
763 711 3838
764 688 1647
765 683 1766
766 691 611
767 718 1324
768 686 2116
769 746 246
770 693 4828
771 683 4481
772 720 3668
773 751 137
774 761 1870
775 702 535
776 701 3826
777 725 813
778 754 675
779 751 459
780 715 998
781 677 2266
782 734 3615
783 743 3959
784 729 3891
785 780 4219
786 761 2820
787 721 2627
788 749 4756
789 669 4311
790 712 2131
791 710 3841
792 707 1768
793 677 4717
794 676 4413
795 752 725
796 714 4126
797 772 1287
798 758 1715
799 762 794
800 788 86
801 687 2278
802 729 1627
803 781 1071
804 773 2403
805 782 903
806 720 4663
807 716 2178
808 756 2169
809 752 4896
810 731 3340
811 702 858
812 784 141
813 700 2322
814 771 2697
815 711 2962
816 808 4022
817 684 2411
818 807 4948
819 706 2428
820 724 3947
821 788 2985
822 795 1569
823 693 2805
824 730 3115
825 810 987
826 798 2714
827 734 3951
828 783 724
829 701 1146
830 824 1410
831 749 2539
832 805 4099
833 678 4881
834 807 374
835 713 3721
836 774 640
837 793 2545
838 817 1557
839 787 2989
840 767 4556
841 742 642
842 809 459
843 680 4861
844 768 971
845 689 1274
846 763 3701
847 684 4446
848 734 2020
849 807 1451
850 798 1704
851 713 1716
852 829 1340
853 748 4287
854 731 1848
855 690 2102
856 727 710
857 722 3822
858 750 2956
859 833 1417
860 669 3190
861 854 712
862 790 1455
863 750 1023
864 792 3486
865 854 802
866 749 1759
867 815 260
868 745 1949
869 754 3977
870 802 2322
871 708 1478
872 715 855
873 714 1959
874 807 2873
875 863 3305
876 870 2526
877 824 1709
878 793 1835
879 726 1842
880 745 2287
881 823 3268
882 677 1932
883 872 4274
884 774 4443
885 822 4695
886 803 1199
887 754 4813
888 827 3034
889 825 3273
890 880 3012
891 744 1819
892 736 4590
893 669 140
894 822 4800
895 807 3845
896 850 4188
897 756 4436
898 769 1375
899 811 170
900 832 4515
901 853 3441
902 832 2498
903 889 3043
904 691 4129
905 788 226
906 670 862
907 823 4381
908 849 1415
909 763 3543
910 703 4576
911 805 4001
912 835 1988
913 705 1114
914 789 4131
915 736 4922
916 895 3781
917 837 2181
918 901 1581
919 899 3792
920 749 4603
921 670 1947
922 670 2227
923 840 3677
924 788 966
925 751 504
926 899 1889
927 725 715
928 809 2160
929 684 4028
930 704 4117
931 821 3091
932 749 334
933 927 1665
934 818 2328
935 820 3846
936 674 771
937 695 3889
938 897 145
939 934 4217
940 857 3833
941 933 1819
942 843 3398
943 757 4491
944 823 3698
945 775 4011
946 849 4831
947 709 3476
948 811 1010
949 780 4878
950 864 65
951 700 2007
952 797 2855
953 815 2583
954 752 567
955 868 2568
956 893 1214
957 674 3822
958 803 2078
959 893 3626
960 846 3338
961 899 147
962 698 2222
963 871 2387
964 744 4427
965 835 1485
966 743 3667
967 880 323
968 844 3787
969 945 285
970 743 4151
971 913 4892
972 921 2037
973 957 2365
974 736 4959
975 775 2785
976 781 3549
977 879 2737
978 701 4979
979 692 1956
980 876 673
981 901 3413
982 890 4705
983 711 2282
984 783 3964
985 674 2111
986 707 237
987 920 2752
988 885 1099
989 947 4760
990 921 2632
991 667 1950
992 874 1812
993 690 1520
994 788 879
995 964 3686
996 952 4597
997 980 1012
998 689 65
999 998 2213
1000 711 344