1000
2 1 1
3 1 1
4 1 1
5 1 1
6 1 1
7 1 1
8 1 1
9 1 1
10 1 1
11 3 1
12 3 1
13 7 1
14 11 1
15 11 1
16 10 1
17 10 1
18 17 1
19 10 1
20 16 1
21 11 1
22 14 1
23 16 1
24 23 1
25 21 1
26 22 1
27 19 1
28 24 1
29 26 1
30 27 1
31 30 1
32 22 1
33 24 1
34 27 1
35 32 1
36 27 1
37 34 1
38 31 1
39 37 1
40 38 1
41 36 1
42 39 1
43 39 1
44 34 1
45 44 1
46 44 1
47 45 1
48 38 1
49 44 1
50 45 1
51 43 1
52 51 1
53 49 1
54 47 1
55 49 1
56 52 1
57 53 1
58 52 1
59 51 1
60 53 1
61 56 1
62 53 1
63 56 1
64 60 1
65 58 1
66 57 1
67 66 1
68 58 1
69 68 1
70 64 1
71 67 1
72 62 1
73 64 1
74 66 1
75 65 1
76 69 1
77 72 1
78 71 1
79 78 1
80 78 1
81 78 1
82 74 1
83 74 1
84 75 1
85 79 1
86 85 1
87 81 1
88 85 1
89 88 1
90 81 1
91 85 1
92 85 1
93 83 1
94 88 1
95 88 1
96 89 1
97 90 1
98 88 1
99 95 1
100 98 1
101 99 1
102 99 1
103 93 1
104 94 1
105 103 1
106 98 1
107 105 1
108 102 1
109 102 1
110 101 1
111 102 1
112 105 1
113 107 1
114 107 1
115 110 1
116 109 1
117 107 1
118 109 1
119 111 1
120 114 1
121 118 1
122 113 1
123 114 1
124 122 1
125 124 1
126 119 1
127 126 1
128 124 1
129 127 1
130 126 1
131 130 1
132 127 1
133 129 1
134 125 1
135 125 1
136 126 1
137 128 1
138 128 1
139 131 1
140 132 1
141 131 1
142 141 1
143 137 1
144 142 1
145 144 1
146 137 1
147 145 1
148 144 1
149 148 1
150 140 1
151 144 1
152 144 1
153 150 1
154 145 1
155 145 1
156 152 1
157 153 1
158 150 1
159 149 1
160 155 1
161 153 1
162 154 1
163 159 1
164 160 1
165 156 1
166 161 1
167 163 1
168 161 1
169 162 1
170 165 1
171 162 1
172 171 1
173 171 1
174 164 1
175 168 1
176 174 1
177 174 1
178 171 1
179 177 1
180 178 1
181 175 1
182 174 1
183 180 1
184 182 1
185 178 1
186 183 1
187 184 1
188 183 1
189 179 1
190 183 1
191 184 1
192 190 1
193 183 1
194 191 1
195 194 1
196 194 1
197 190 1
198 196 1
199 195 1
200 194 1
201 195 1
202 197 1
203 196 1
204 197 1
205 203 1
206 199 1
207 200 1
208 204 1
209 207 1
210 202 1
211 210 1
212 205 1
213 206 1
214 205 1
215 205 1
216 215 1
217 211 1
218 216 1
219 211 1
220 214 1
221 218 1
222 213 1
223 215 1
224 214 1
225 216 1
226 218 1
227 226 1
228 219 1
229 219 1
230 224 1
231 226 1
232 230 1
233 229 1
234 228 1
235 229 1
236 235 1
237 236 1
238 231 1
239 238 1
240 230 1
241 235 1
242 233 1
243 239 1
244 242 1
245 238 1
246 236 1
247 242 1
248 246 1
249 245 1
250 240 1
251 244 1
252 246 1
253 249 1
254 246 1
255 251 1
256 248 1
257 249 1
258 251 1
259 251 1
260 255 1
261 254 1
262 253 1
263 258 1
264 257 1
265 262 1
266 257 1
267 263 1
268 267 1
269 266 1
270 261 1
271 261 1
272 263 1
273 272 1
274 265 1
275 265 1
276 272 1
277 271 1
278 272 1
279 275 1
280 270 1
281 278 1
282 272 1
283 278 1
284 274 1
285 276 1
286 276 1
287 278 1
288 282 1
289 287 1
290 281 1
291 287 1
292 288 1
293 284 1
294 287 1
295 291 1
296 288 1
297 292 1
298 291 1
299 289 1
300 292 1
301 295 1
302 297 1
303 294 1
304 298 1
305 295 1
306 298 1
307 302 1
308 302 1
309 300 1
310 309 1
311 308 1
312 310 1
313 309 1
314 305 1
315 313 1
316 309 1
317 313 1
318 312 1
319 311 1
320 316 1
321 320 1
322 313 1
323 314 1
324 319 1
325 320 1
326 319 1
327 326 1
328 323 1
329 323 1
330 327 1
331 322 1
332 323 1
333 326 1
334 328 1
335 331 1
336 327 1
337 335 1
338 328 1
339 329 1
340 338 1
341 335 1
342 338 1
343 335 1
344 342 1
345 338 1
346 343 1
347 346 1
348 347 1
349 343 1
350 343 1
351 346 1
352 342 1
353 344 1
354 347 1
355 347 1
356 348 1
357 351 1
358 354 1
359 358 1
360 356 1
361 353 1
362 352 1
363 353 1
364 357 1
365 362 1
366 362 1
367 362 1
368 360 1
369 363 1
370 366 1
371 365 1
372 368 1
373 367 1
374 367 1
375 367 1
376 368 1
377 376 1
378 370 1
379 370 1
380 377 1
381 375 1
382 381 1
383 373 1
384 375 1
385 377 1
386 377 1
387 386 1
388 387 1
389 381 1
390 384 1
391 388 1
392 384 1
393 383 1
394 388 1
395 390 1
396 390 1
397 393 1
398 397 1
399 389 1
400 397 1
401 393 1
402 398 1
403 398 1
404 402 1
405 404 1
406 405 1
407 403 1
408 405 1
409 400 1
410 409 1
411 404 1
412 404 1
413 407 1
414 406 1
415 406 1
416 408 1
417 416 1
418 416 1
419 410 1
420 416 1
421 417 1
422 418 1
423 413 1
424 423 1
425 423 1
426 417 1
427 422 1
428 427 1
429 426 1
430 427 1
431 427 1
432 431 1
433 424 1
434 427 1
435 430 1
436 433 1
437 431 1
438 430 1
439 430 1
440 432 1
441 436 1
442 433 1
443 440 1
444 436 1
445 436 1
446 441 1
447 444 1
448 446 1
449 442 1
450 443 1
451 446 1
452 449 1
453 450 1
454 448 1
455 445 1
456 451 1
457 453 1
458 453 1
459 458 1
460 457 1
461 455 1
462 458 1
463 453 1
464 457 1
465 458 1
466 459 1
467 457 1
468 458 1
469 465 1
470 463 1
471 469 1
472 468 1
473 470 1
474 473 1
475 466 1
476 470 1
477 475 1
478 475 1
479 477 1
480 473 1
481 474 1
482 478 1
483 479 1
484 478 1
485 477 1
486 484 1
487 479 1
488 485 1
489 482 1
490 489 1
491 482 1
492 491 1
493 485 1
494 487 1
495 492 1
496 494 1
497 488 1
498 492 1
499 498 1
500 498 1
501 495 1
502 499 1
503 495 1
504 503 1
505 500 1
506 504 1
507 497 1
508 506 1
509 501 1
510 506 1
511 508 1
512 510 1
513 509 1
514 509 1
515 509 1
516 514 1
517 507 1
518 513 1
519 510 1
520 515 1
521 511 1
522 515 1
523 520 1
524 521 1
525 517 1
526 524 1
527 521 1
528 521 1
529 520 1
530 523 1
531 523 1
532 526 1
533 531 1
534 524 1
535 534 1
536 532 1
537 531 1
538 534 1
539 538 1
540 534 1
541 538 1
542 535 1
543 537 1
544 540 1
545 537 1
546 538 1
547 539 1
548 544 1
549 548 1
550 549 1
551 548 1
552 548 1
553 545 1
554 547 1
555 552 1
556 546 1
557 556 1
558 552 1
559 556 1
560 556 1
561 554 1
562 559 1
563 560 1
564 563 1
565 558 1
566 559 1
567 557 1
568 564 1
569 565 1
570 568 1
571 564 1
572 566 1
573 569 1
574 571 1
575 572 1
576 573 1
577 576 1
578 569 1
579 574 1
580 570 1
581 577 1
582 579 1
583 577 1
584 575 1
585 580 1
586 582 1
587 578 1
588 582 1
589 581 1
590 589 1
591 587 1
592 591 1
593 592 1
594 587 1
595 585 1
596 586 1
597 593 1
598 592 1
599 592 1
600 598 1
601 593 1
602 597 1
603 593 1
604 595 1
605 600 1
606 599 1
607 606 1
608 603 1
609 604 1
610 600 1
611 602 1
612 610 1
613 612 1
614 610 1
615 614 1
616 612 1
617 610 1
618 613 1
619 612 1
620 616 1
621 612 1
622 617 1
623 617 1
624 620 1
625 616 1
626 620 1
627 622 1
628 620 1
629 625 1
630 627 1
631 621 1
632 626 1
633 630 1
634 630 1
635 632 1
636 627 1
637 633 1
638 630 1
639 634 1
640 632 1
641 638 1
642 637 1
643 642 1
644 636 1
645 643 1
646 644 1
647 646 1
648 640 1
649 642 1
650 643 1
651 647 1
652 643 1
653 643 1
654 650 1
655 652 1
656 653 1
657 648 1
658 651 1
659 649 1
660 651 1
661 658 1
662 658 1
663 661 1
664 661 1
665 655 1
666 662 1
667 657 1
668 661 1
669 668 1
670 668 1
671 670 1
672 662 1
673 672 1
674 665 1
675 674 1
676 671 1
677 672 1
678 669 1
679 677 1
680 672 1
681 676 1
682 674 1
683 682 1
684 677 1
685 675 1
686 685 1
687 680 1
688 679 1
689 687 1
690 680 1
691 690 1
692 685 1
693 685 1
694 688 1
695 689 1
696 686 1
697 694 1
698 689 1
699 691 1
700 691 1
701 698 1
702 697 1
703 696 1
704 698 1
705 699 1
706 702 1
707 698 1
708 707 1
709 706 1
710 701 1
711 702 1
712 711 1
713 707 1
714 711 1
715 711 1
716 711 1
717 714 1
718 713 1
719 715 1
720 710 1
721 713 1
722 721 1
723 718 1
724 722 1
725 724 1
726 722 1
727 725 1
728 723 1
729 725 1
730 729 1
731 729 1
732 726 1
733 731 1
734 731 1
735 730 1
736 735 1
737 736 1
738 732 1
739 738 1
740 734 1
741 739 1
742 736 1
743 736 1
744 740 1
745 744 1
746 745 1
747 745 1
748 742 1
749 747 1
750 749 1
751 743 1
752 743 1
753 747 1
754 745 1
755 754 1
756 753 1
757 747 1
758 752 1
759 754 1
760 757 1
761 758 1
762 757 1
763 755 1
764 762 1
765 758 1
766 762 1
767 757 1
768 765 1
769 761 1
770 766 1
771 766 1
772 764 1
773 769 1
774 766 1
775 767 1
776 774 1
777 772 1
778 776 1
779 777 1
780 779 1
781 778 1
782 775 1
783 780 1
784 781 1
785 781 1
786 782 1
787 777 1
788 785 1
789 786 1
790 787 1
791 789 1
792 786 1
793 791 1
794 785 1
795 791 1
796 788 1
797 788 1
798 793 1
799 792 1
800 793 1
801 799 1
802 792 1
803 795 1
804 795 1
805 799 1
806 796 1
807 802 1
808 800 1
809 807 1
810 801 1
811 803 1
812 804 1
813 809 1
814 810 1
815 805 1
816 810 1
817 815 1
818 813 1
819 810 1
820 816 1
821 817 1
822 815 1
823 822 1
824 818 1
825 823 1
826 816 1
827 820 1
828 823 1
829 824 1
830 820 1
831 827 1
832 822 1
833 827 1
834 829 1
835 825 1
836 832 1
837 827 1
838 834 1
839 831 1
840 835 1
841 832 1
842 839 1
843 841 1
844 840 1
845 840 1
846 842 1
847 845 1
848 840 1
849 839 1
850 842 1
851 845 1
852 847 1
853 846 1
854 850 1
855 851 1
856 851 1
857 848 1
858 855 1
859 852 1
860 853 1
861 857 1
862 861 1
863 860 1
864 862 1
865 859 1
866 857 1
867 864 1
868 858 1
869 865 1
870 863 1
871 865 1
872 863 1
873 866 1
874 869 1
875 870 1
876 874 1
877 872 1
878 870 1
879 878 1
880 872 1
881 873 1
882 873 1
883 877 1
884 876 1
885 880 1
886 876 1
887 883 1
888 886 1
889 887 1
890 885 1
891 886 1
892 884 1
893 886 1
894 892 1
895 894 1
896 887 1
897 887 1
898 897 1
899 891 1
900 893 1
901 899 1
902 899 1
903 899 1
904 901 1
905 903 1
906 898 1
907 899 1
908 905 1
909 900 1
910 907 1
911 910 1
912 910 1
913 911 1
914 905 1
915 906 1
916 910 1
917 912 1
918 912 1
919 912 1
920 913 1
921 916 1
922 921 1
923 914 1
924 914 1
925 922 1
926 917 1
927 925 1
928 922 1
929 925 1
930 924 1
931 928 1
932 927 1
933 923 1
934 930 1
935 928 1
936 930 1
937 932 1
938 934 1
939 933 1
940 933 1
941 938 1
942 940 1
943 940 1
944 934 1
945 940 1
946 943 1
947 941 1
948 940 1
949 946 1
950 945 1
951 946 1
952 948 1
953 949 1
954 952 1
955 952 1
956 955 1
957 952 1
958 953 1
959 949 1
960 956 1
961 954 1
962 960 1
963 954 1
964 961 1
965 964 1
966 960 1
967 964 1
968 959 1
969 966 1
970 967 1
971 969 1
972 970 1
973 972 1
974 964 1
975 970 1
976 973 1
977 968 1
978 968 1
979 974 1
980 979 1
981 978 1
982 978 1
983 979 1
984 975 1
985 983 1
986 977 1
987 986 1
988 980 1
989 987 1
990 983 1
991 990 1
992 982 1
993 989 1
994 991 1
995 994 1
996 995 1
997 993 1
998 988 1
999 989 1
1000 991 1