1000
2 1 1
3 1 1
4 2 1
5 4 1
6 4 1
7 3 1
8 3 1
9 8 1
10 1 1
11 7 1
12 1 1
13 3 1
14 5 1
15 14 1
16 11 1
17 11 1
18 5 1
19 12 1
20 14 1
21 15 1
22 20 1
23 3 1
24 4 1
25 10 1
26 20 1
27 5 1
28 22 1
29 9 1
30 24 1
31 27 1
32 18 1
33 23 1
34 24 1
35 1 1
36 35 1
37 30 1
38 32 1
39 3 1
40 21 1
41 22 1
42 12 1
43 42 1
44 30 1
45 18 1
46 20 1
47 32 1
48 32 1
49 23 1
50 12 1
51 18 1
52 27 1
53 9 1
54 19 1
55 38 1
56 22 1
57 9 1
58 55 1
59 5 1
60 58 1
61 30 1
62 39 1
63 3 1
64 8 1
65 14 1
66 6 1
67 21 1
68 37 1
69 21 1
70 69 1
71 62 1
72 57 1
73 16 1
74 8 1
75 14 1
76 33 1
77 73 1
78 31 1
79 61 1
80 75 1
81 10 1
82 40 1
83 27 1
84 6 1
85 40 1
86 31 1
87 34 1
88 33 1
89 1 1
90 56 1
91 76 1
92 78 1
93 72 1
94 9 1
95 3 1
96 85 1
97 22 1
98 85 1
99 47 1
100 30 1
101 13 1
102 13 1
103 38 1
104 49 1
105 39 1
106 59 1
107 33 1
108 8 1
109 19 1
110 29 1
111 49 1
112 84 1
113 20 1
114 16 1
115 98 1
116 115 1
117 37 1
118 116 1
119 77 1
120 102 1
121 84 1
122 114 1
123 67 1
124 85 1
125 21 1
126 3 1
127 3 1
128 17 1
129 10 1
130 38 1
131 27 1
132 11 1
133 123 1
134 64 1
135 111 1
136 135 1
137 17 1
138 116 1
139 96 1
140 127 1
141 8 1
142 45 1
143 29 1
144 107 1
145 26 1
146 13 1
147 100 1
148 94 1
149 36 1
150 5 1
151 86 1
152 37 1
153 34 1
154 96 1
155 93 1
156 29 1
157 92 1
158 108 1
159 50 1
160 56 1
161 86 1
162 29 1
163 162 1
164 143 1
165 10 1
166 59 1
167 138 1
168 118 1
169 53 1
170 145 1
171 149 1
172 81 1
173 50 1
174 128 1
175 140 1
176 67 1
177 131 1
178 141 1
179 91 1
180 14 1
181 61 1
182 70 1
183 163 1
184 9 1
185 134 1
186 178 1
187 161 1
188 57 1
189 165 1
190 122 1
191 78 1
192 84 1
193 103 1
194 67 1
195 74 1
196 172 1
197 64 1
198 65 1
199 136 1
200 164 1
201 52 1
202 197 1
203 66 1
204 78 1
205 32 1
206 20 1
207 197 1
208 100 1
209 171 1
210 47 1
211 93 1
212 167 1
213 37 1
214 51 1
215 3 1
216 32 1
217 61 1
218 207 1
219 33 1
220 22 1
221 109 1
222 116 1
223 185 1
224 149 1
225 100 1
226 99 1
227 213 1
228 215 1
229 83 1
230 211 1
231 13 1
232 96 1
233 26 1
234 160 1
235 193 1
236 85 1
237 15 1
238 122 1
239 212 1
240 151 1
241 3 1
242 92 1
243 117 1
244 159 1
245 50 1
246 153 1
247 65 1
248 74 1
249 83 1
250 57 1
251 150 1
252 95 1
253 45 1
254 149 1
255 84 1
256 188 1
257 39 1
258 169 1
259 242 1
260 187 1
261 41 1
262 2 1
263 32 1
264 237 1
265 44 1
266 8 1
267 181 1
268 131 1
269 112 1
270 176 1
271 24 1
272 209 1
273 17 1
274 143 1
275 25 1
276 32 1
277 12 1
278 49 1
279 130 1
280 230 1
281 49 1
282 181 1
283 173 1
284 38 1
285 92 1
286 195 1
287 67 1
288 151 1
289 103 1
290 26 1
291 61 1
292 119 1
293 168 1
294 50 1
295 139 1
296 1 1
297 77 1
298 173 1
299 146 1
300 52 1
301 283 1
302 234 1
303 267 1
304 207 1
305 44 1
306 253 1
307 97 1
308 202 1
309 154 1
310 66 1
311 216 1
312 303 1
313 60 1
314 36 1
315 172 1
316 162 1
317 125 1
318 314 1
319 184 1
320 154 1
321 255 1
322 50 1
323 43 1
324 106 1
325 144 1
326 222 1
327 64 1
328 292 1
329 17 1
330 29 1
331 284 1
332 152 1
333 332 1
334 333 1
335 334 1
336 335 1
337 336 1
338 337 1
339 338 1
340 339 1
341 340 1
342 341 1
343 342 1
344 343 1
345 344 1
346 345 1
347 346 1
348 347 1
349 348 1
350 349 1
351 350 1
352 351 1
353 352 1
354 353 1
355 354 1
356 355 1
357 356 1
358 357 1
359 358 1
360 359 1
361 360 1
362 361 1
363 362 1
364 363 1
365 364 1
366 365 1
367 366 1
368 367 1
369 368 1
370 369 1
371 370 1
372 371 1
373 372 1
374 373 1
375 374 1
376 375 1
377 376 1
378 377 1
379 378 1
380 379 1
381 380 1
382 381 1
383 382 1
384 383 1
385 384 1
386 385 1
387 386 1
388 387 1
389 388 1
390 389 1
391 390 1
392 391 1
393 392 1
394 393 1
395 394 1
396 395 1
397 396 1
398 397 1
399 398 1
400 399 1
401 400 1
402 401 1
403 402 1
404 403 1
405 404 1
406 405 1
407 406 1
408 407 1
409 408 1
410 409 1
411 410 1
412 411 1
413 412 1
414 413 1
415 414 1
416 415 1
417 416 1
418 417 1
419 418 1
420 419 1
421 420 1
422 421 1
423 422 1
424 423 1
425 424 1
426 425 1
427 426 1
428 427 1
429 428 1
430 429 1
431 430 1
432 431 1
433 432 1
434 433 1
435 434 1
436 435 1
437 436 1
438 437 1
439 438 1
440 439 1
441 440 1
442 441 1
443 442 1
444 443 1
445 444 1
446 445 1
447 446 1
448 447 1
449 448 1
450 449 1
451 450 1
452 451 1
453 452 1
454 453 1
455 454 1
456 455 1
457 456 1
458 457 1
459 458 1
460 459 1
461 460 1
462 461 1
463 462 1
464 463 1
465 464 1
466 465 1
467 466 1
468 467 1
469 468 1
470 469 1
471 470 1
472 471 1
473 472 1
474 473 1
475 474 1
476 475 1
477 476 1
478 477 1
479 478 1
480 479 1
481 480 1
482 481 1
483 482 1
484 483 1
485 484 1
486 485 1
487 486 1
488 487 1
489 488 1
490 489 1
491 490 1
492 491 1
493 492 1
494 493 1
495 494 1
496 495 1
497 496 1
498 497 1
499 498 1
500 499 1
501 500 1
502 501 1
503 502 1
504 503 1
505 504 1
506 505 1
507 506 1
508 507 1
509 508 1
510 509 1
511 510 1
512 511 1
513 512 1
514 513 1
515 514 1
516 515 1
517 516 1
518 517 1
519 518 1
520 519 1
521 520 1
522 521 1
523 522 1
524 523 1
525 524 1
526 525 1
527 526 1
528 527 1
529 528 1
530 529 1
531 530 1
532 531 1
533 532 1
534 533 1
535 534 1
536 535 1
537 536 1
538 537 1
539 538 1
540 539 1
541 540 1
542 541 1
543 542 1
544 543 1
545 544 1
546 545 1
547 546 1
548 547 1
549 548 1
550 549 1
551 550 1
552 551 1
553 552 1
554 553 1
555 554 1
556 555 1
557 556 1
558 557 1
559 558 1
560 559 1
561 560 1
562 561 1
563 562 1
564 563 1
565 564 1
566 565 1
567 566 1
568 567 1
569 568 1
570 569 1
571 570 1
572 571 1
573 572 1
574 573 1
575 574 1
576 575 1
577 576 1
578 577 1
579 578 1
580 579 1
581 580 1
582 581 1
583 582 1
584 583 1
585 584 1
586 585 1
587 586 1
588 587 1
589 588 1
590 589 1
591 590 1
592 591 1
593 592 1
594 593 1
595 594 1
596 595 1
597 596 1
598 597 1
599 598 1
600 599 1
601 600 1
602 601 1
603 602 1
604 603 1
605 604 1
606 605 1
607 606 1
608 607 1
609 608 1
610 609 1
611 610 1
612 611 1
613 612 1
614 613 1
615 614 1
616 615 1
617 616 1
618 617 1
619 618 1
620 619 1
621 620 1
622 621 1
623 622 1
624 623 1
625 624 1
626 625 1
627 626 1
628 627 1
629 628 1
630 629 1
631 630 1
632 631 1
633 632 1
634 633 1
635 634 1
636 635 1
637 636 1
638 637 1
639 638 1
640 639 1
641 640 1
642 641 1
643 642 1
644 643 1
645 644 1
646 645 1
647 646 1
648 647 1
649 648 1
650 649 1
651 650 1
652 651 1
653 652 1
654 653 1
655 654 1
656 655 1
657 656 1
658 657 1
659 658 1
660 659 1
661 660 1
662 661 1
663 662 1
664 663 1
665 664 1
666 665 1
667 666 1
668 667 1
669 667 1
670 669 1
671 668 1
672 670 1
673 672 1
674 673 1
675 670 1
676 670 1
677 672 1
678 667 1
679 668 1
680 672 1
681 670 1
682 670 1
683 674 1
684 677 1
685 684 1
686 678 1
687 672 1
688 667 1
689 667 1
690 675 1
691 685 1
692 683 1
693 681 1
694 673 1
695 679 1
696 685 1
697 679 1
698 685 1
699 680 1
700 678 1
701 675 1
702 676 1
703 699 1
704 675 1
705 672 1
706 696 1
707 685 1
708 707 1
709 670 1
710 671 1
711 676 1
712 672 1
713 712 1
714 710 1
715 676 1
716 689 1
717 703 1
718 680 1
719 671 1
720 692 1
721 698 1
722 691 1
723 705 1
724 719 1
725 672 1
726 711 1
727 679 1
728 709 1
729 699 1
730 721 1
731 727 1
732 730 1
733 707 1
734 719 1
735 677 1
736 732 1
737 688 1
738 683 1
739 700 1
740 682 1
741 677 1
742 687 1
743 736 1
744 735 1
745 679 1
746 719 1
747 719 1
748 717 1
749 669 1
750 749 1
751 742 1
752 680 1
753 711 1
754 748 1
755 734 1
756 736 1
757 721 1
758 756 1
759 679 1
760 703 1
761 717 1
762 740 1
763 711 1
764 688 1
765 683 1
766 691 1
767 718 1
768 686 1
769 746 1
770 693 1
771 683 1
772 720 1
773 751 1
774 761 1
775 702 1
776 701 1
777 725 1
778 754 1
779 751 1
780 715 1
781 677 1
782 734 1
783 743 1
784 729 1
785 780 1
786 761 1
787 721 1
788 749 1
789 669 1
790 712 1
791 710 1
792 707 1
793 677 1
794 676 1
795 752 1
796 714 1
797 772 1
798 758 1
799 762 1
800 788 1
801 687 1
802 729 1
803 781 1
804 773 1
805 782 1
806 720 1
807 716 1
808 756 1
809 752 1
810 731 1
811 702 1
812 784 1
813 700 1
814 771 1
815 711 1
816 808 1
817 684 1
818 807 1
819 706 1
820 724 1
821 788 1
822 795 1
823 693 1
824 730 1
825 810 1
826 798 1
827 734 1
828 783 1
829 701 1
830 824 1
831 749 1
832 805 1
833 678 1
834 807 1
835 713 1
836 774 1
837 793 1
838 817 1
839 787 1
840 767 1
841 742 1
842 809 1
843 680 1
844 768 1
845 689 1
846 763 1
847 684 1
848 734 1
849 807 1
850 798 1
851 713 1
852 829 1
853 748 1
854 731 1
855 690 1
856 727 1
857 722 1
858 750 1
859 833 1
860 669 1
861 854 1
862 790 1
863 750 1
864 792 1
865 854 1
866 749 1
867 815 1
868 745 1
869 754 1
870 802 1
871 708 1
872 715 1
873 714 1
874 807 1
875 863 1
876 870 1
877 824 1
878 793 1
879 726 1
880 745 1
881 823 1
882 677 1
883 872 1
884 774 1
885 822 1
886 803 1
887 754 1
888 827 1
889 825 1
890 880 1
891 744 1
892 736 1
893 669 1
894 822 1
895 807 1
896 850 1
897 756 1
898 769 1
899 811 1
900 832 1
901 853 1
902 832 1
903 889 1
904 691 1
905 788 1
906 670 1
907 823 1
908 849 1
909 763 1
910 703 1
911 805 1
912 835 1
913 705 1
914 789 1
915 736 1
916 895 1
917 837 1
918 901 1
919 899 1
920 749 1
921 670 1
922 670 1
923 840 1
924 788 1
925 751 1
926 899 1
927 725 1
928 809 1
929 684 1
930 704 1
931 821 1
932 749 1
933 927 1
934 818 1
935 820 1
936 674 1
937 695 1
938 897 1
939 934 1
940 857 1
941 933 1
942 843 1
943 757 1
944 823 1
945 775 1
946 849 1
947 709 1
948 811 1
949 780 1
950 864 1
951 700 1
952 797 1
953 815 1
954 752 1
955 868 1
956 893 1
957 674 1
958 803 1
959 893 1
960 846 1
961 899 1
962 698 1
963 871 1
964 744 1
965 835 1
966 743 1
967 880 1
968 844 1
969 945 1
970 743 1
971 913 1
972 921 1
973 957 1
974 736 1
975 775 1
976 781 1
977 879 1
978 701 1
979 692 1
980 876 1
981 901 1
982 890 1
983 711 1
984 783 1
985 674 1
986 707 1
987 920 1
988 885 1
989 947 1
990 921 1
991 667 1
992 874 1
993 690 1
994 788 1
995 964 1
996 952 1
997 980 1
998 689 1
999 998 1
1000 711 1