1000
2 1 1383
3 1 2151
4 1 72
5 1 3202
6 1 3576
7 1 3247
8 1 3280
9 1 1269
10 1 207
11 3 3779
12 3 2293
13 7 7
14 11 465
15 11 4925
16 10 3477
17 10 793
18 17 290
19 10 4474
20 16 4183
21 11 2454
22 14 2694
23 16 1355
24 23 1977
25 21 4006
26 22 4161
27 19 1181
28 24 1120
29 26 376
30 27 3277
31 30 176
32 22 979
33 24 25
34 27 1872
35 32 4658
36 27 2133
37 34 1264
38 31 3428
39 37 2327
40 38 516
41 36 2569
42 39 1296
43 39 4819
44 34 4266
45 44 3105
46 44 2229
47 45 226
48 38 2713
49 44 3879
50 45 1154
51 43 3884
52 51 3121
53 49 546
54 47 1293
55 49 3296
56 52 2402
57 53 29
58 52 174
59 51 1066
60 53 4041
61 56 2395
62 53 2128
63 56 2904
64 60 2992
65 58 32
66 57 2801
67 66 2268
68 58 3135
69 68 807
70 64 2793
71 67 2214
72 62 2366
73 64 2964
74 66 3959
75 65 1614
76 69 1159
77 72 2876
78 71 2089
79 78 3872
80 78 1778
81 78 3936
82 74 3468
83 74 2241
84 75 4223
85 79 4393
86 85 2056
87 81 434
88 85 3733
89 88 3577
90 81 2257
91 85 2105
92 85 1090
93 83 2362
94 88 3286
95 88 3121
96 89 441
97 90 3392
98 88 1827
99 95 4235
100 98 305
101 99 4961
102 99 2091
103 93 1906
104 94 1087
105 103 3941
106 98 1519
107 105 157
108 102 1587
109 102 4679
110 101 2138
111 102 4526
112 105 2940
113 107 1303
114 107 4288
115 110 106
116 109 3927
117 107 4888
118 109 3682
119 111 3600
120 114 2976
121 118 2367
122 113 3536
123 114 4559
124 122 3551
125 124 689
126 119 1124
127 126 4
128 124 4678
129 127 838
130 126 1174
131 130 2767
132 127 1049
133 129 2855
134 125 3567
135 125 1818
136 126 1845
137 128 1563
138 128 1154
139 131 283
140 132 2874
141 131 1899
142 141 3847
143 137 4054
144 142 1439
145 144 2731
146 137 4165
147 145 4788
148 144 3074
149 148 3181
150 140 4194
151 144 554
152 144 4711
153 150 3228
154 145 1259
155 145 2939
156 152 1425
157 153 2533
158 150 3355
159 149 399
160 155 2817
161 153 1516
162 154 479
163 159 750
164 160 3506
165 156 4372
166 161 3478
167 163 86
168 161 2736
169 162 2471
170 165 3261
171 162 2365
172 171 3735
173 171 3399
174 164 726
175 168 1078
176 174 3520
177 174 4483
178 171 3120
179 177 820
180 178 1524
181 175 1336
182 174 1930
183 180 1498
184 182 1645
185 178 621
186 183 3056
187 184 2822
188 183 1596
189 179 629
190 183 393
191 184 4312
192 190 3208
193 183 755
194 191 2466
195 194 1359
196 194 1420
197 190 3098
198 196 549
199 195 2068
200 194 4254
201 195 4080
202 197 2053
203 196 604
204 197 4920
205 203 1830
206 199 1819
207 200 1313
208 204 2502
209 207 181
210 202 4420
211 210 1943
212 205 4413
213 206 2536
214 205 3875
215 205 1481
216 215 4587
217 211 3982
218 216 4106
219 211 2886
220 214 1317
221 218 656
222 213 3490
223 215 2107
224 214 2078
225 216 3949
226 218 4157
227 226 2980
228 219 934
229 219 4367
230 224 4659
231 226 422
232 230 3934
233 229 1053
234 228 1567
235 229 2445
236 235 4284
237 236 1326
238 231 1578
239 238 4815
240 230 3802
241 235 1744
242 233 320
243 239 1416
244 242 1209
245 238 3451
246 236 4900
247 242 673
248 246 1880
249 245 985
250 240 1773
251 244 2438
252 246 3993
253 249 2664
254 246 751
255 251 3598
256 248 590
257 249 4946
258 251 3526
259 251 971
260 255 2673
261 254 3840
262 253 379
263 258 3135
264 257 523
265 262 3998
266 257 3009
267 263 3360
268 267 969
269 266 1431
270 261 2198
271 261 3261
272 263 2404
273 272 4291
274 265 4084
275 265 4573
276 272 337
277 271 2075
278 272 898
279 275 3628
280 270 4050
281 278 3485
282 272 1100
283 278 4949
284 274 2595
285 276 2221
286 276 1429
287 278 1271
288 282 302
289 287 2969
290 281 1856
291 287 4339
292 288 2801
293 284 607
294 287 2143
295 291 4963
296 288 1365
297 292 2185
298 291 893
299 289 2212
300 292 442
301 295 1540
302 297 4704
303 294 450
304 298 3788
305 295 3513
306 298 34
307 302 4703
308 302 3580
309 300 1179
310 309 3262
311 308 3515
312 310 4048
313 309 4899
314 305 1922
315 313 4188
316 309 2740
317 313 431
318 312 541
319 311 3302
320 316 2570
321 320 1739
322 313 3058
323 314 3001
324 319 4576
325 320 2859
326 319 460
327 326 1798
328 323 2149
329 323 4122
330 327 3209
331 322 3153
332 323 1183
333 326 3687
334 328 3186
335 331 2511
336 327 3781
337 335 651
338 328 1161
339 329 4082
340 338 2187
341 335 1727
342 338 2691
343 335 4124
344 342 4708
345 338 3341
346 343 292
347 346 2902
348 347 3686
349 343 2955
350 343 2223
351 346 934
352 342 1644
353 344 2591
354 347 4642
355 347 3704
356 348 3482
357 351 1704
358 354 875
359 358 930
360 356 3053
361 353 3237
362 352 2555
363 353 4458
364 357 2970
365 362 110
366 362 2333
367 362 361
368 360 1713
369 363 4412
370 366 407
371 365 2090
372 368 4270
373 367 1459
374 367 1116
375 367 843
376 368 4048
377 376 3935
378 370 3293
379 370 1235
380 377 2568
381 375 2559
382 381 3112
383 373 4194
384 375 1899
385 377 2275
386 377 1509
387 386 3592
388 387 4045
389 381 4483
390 384 4029
391 388 2078
392 384 4776
393 383 232
394 388 1030
395 390 3951
396 390 4173
397 393 3234
398 397 1154
399 389 4599
400 397 1008
401 393 4931
402 398 1190
403 398 4274
404 402 2548
405 404 134
406 405 1665
407 403 185
408 405 1476
409 400 3800
410 409 4656
411 404 4548
412 404 3411
413 407 4640
414 406 3362
415 406 495
416 408 125
417 416 3361
418 416 2560
419 410 696
420 416 3601
421 417 3742
422 418 1316
423 413 2231
424 423 384
425 423 3330
426 417 2314
427 422 4039
428 427 430
429 426 2166
430 427 1670
431 427 815
432 431 2781
433 424 3695
434 427 228
435 430 2637
436 433 1370
437 431 3838
438 430 1647
439 430 1766
440 432 611
441 436 1324
442 433 2116
443 440 246
444 436 4828
445 436 4481
446 441 3668
447 444 137
448 446 1870
449 442 535
450 443 3826
451 446 813
452 449 675
453 450 459
454 448 998
455 445 2266
456 451 3615
457 453 3959
458 453 3891
459 458 4219
460 457 2820
461 455 2627
462 458 4756
463 453 4311
464 457 2131
465 458 3841
466 459 1768
467 457 4717
468 458 4413
469 465 725
470 463 4126
471 469 1287
472 468 1715
473 470 794
474 473 86
475 466 2278
476 470 1627
477 475 1071
478 475 2403
479 477 903
480 473 4663
481 474 2178
482 478 2169
483 479 4896
484 478 3340
485 477 858
486 484 141
487 479 2322
488 485 2697
489 482 2962
490 489 4022
491 482 2411
492 491 4948
493 485 2428
494 487 3947
495 492 2985
496 494 1569
497 488 2805
498 492 3115
499 498 987
500 498 2714
501 495 3951
502 499 724
503 495 1146
504 503 1410
505 500 2539
506 504 4099
507 497 4881
508 506 374
509 501 3721
510 506 640
511 508 2545
512 510 1557
513 509 2989
514 509 4556
515 509 642
516 514 459
517 507 4861
518 513 971
519 510 1274
520 515 3701
521 511 4446
522 515 2020
523 520 1451
524 521 1704
525 517 1716
526 524 1340
527 521 4287
528 521 1848
529 520 2102
530 523 710
531 523 3822
532 526 2956
533 531 1417
534 524 3190
535 534 712
536 532 1455
537 531 1023
538 534 3486
539 538 802
540 534 1759
541 538 260
542 535 1949
543 537 3977
544 540 2322
545 537 1478
546 538 855
547 539 1959
548 544 2873
549 548 3305
550 549 2526
551 548 1709
552 548 1835
553 545 1842
554 547 2287
555 552 3268
556 546 1932
557 556 4274
558 552 4443
559 556 4695
560 556 1199
561 554 4813
562 559 3034
563 560 3273
564 563 3012
565 558 1819
566 559 4590
567 557 140
568 564 4800
569 565 3845
570 568 4188
571 564 4436
572 566 1375
573 569 170
574 571 4515
575 572 3441
576 573 2498
577 576 3043
578 569 4129
579 574 226
580 570 862
581 577 4381
582 579 1415
583 577 3543
584 575 4576
585 580 4001
586 582 1988
587 578 1114
588 582 4131
589 581 4922
590 589 3781
591 587 2181
592 591 1581
593 592 3792
594 587 4603
595 585 1947
596 586 2227
597 593 3677
598 592 966
599 592 504
600 598 1889
601 593 715
602 597 2160
603 593 4028
604 595 4117
605 600 3091
606 599 334
607 606 1665
608 603 2328
609 604 3846
610 600 771
611 602 3889
612 610 145
613 612 4217
614 610 3833
615 614 1819
616 612 3398
617 610 4491
618 613 3698
619 612 4011
620 616 4831
621 612 3476
622 617 1010
623 617 4878
624 620 65
625 616 2007
626 620 2855
627 622 2583
628 620 567
629 625 2568
630 627 1214
631 621 3822
632 626 2078
633 630 3626
634 630 3338
635 632 147
636 627 2222
637 633 2387
638 630 4427
639 634 1485
640 632 3667
641 638 323
642 637 3787
643 642 285
644 636 4151
645 643 4892
646 644 2037
647 646 2365
648 640 4959
649 642 2785
650 643 3549
651 647 2737
652 643 4979
653 643 1956
654 650 673
655 652 3413
656 653 4705
657 648 2282
658 651 3964
659 649 2111
660 651 237
661 658 2752
662 658 1099
663 661 4760
664 661 2632
665 655 1950
666 662 1812
667 657 1520
668 661 879
669 668 3686
670 668 4597
671 670 1012
672 662 65
673 672 2213
674 665 344
675 674 4509
676 671 4690
677 672 725
678 669 727
679 677 173
680 672 4971
681 676 490
682 674 2624
683 682 2782
684 677 4019
685 675 3478
686 685 3843
687 680 122
688 679 2953
689 687 4925
690 680 443
691 690 4940
692 685 3424
693 685 2316
694 688 1248
695 689 916
696 686 4225
697 694 4027
698 689 2653
699 691 2202
700 691 3080
701 698 518
702 697 1486
703 696 1273
704 698 3188
705 699 2538
706 702 2673
707 698 2767
708 707 1613
709 706 1165
710 701 3724
711 702 3981
712 711 1555
713 707 3791
714 711 2141
715 711 4747
716 711 128
717 714 3317
718 713 742
719 715 4155
720 710 3108
721 713 1691
722 721 3568
723 718 955
724 722 3244
725 724 4658
726 722 2588
727 725 2749
728 723 965
729 725 4428
730 729 284
731 729 664
732 726 3072
733 731 3526
734 731 2094
735 730 4453
736 735 4005
737 736 1351
738 732 4595
739 738 1482
740 734 805
741 739 1076
742 736 3510
743 736 1788
744 740 1202
745 744 1462
746 745 3385
747 745 4634
748 742 176
749 747 1502
750 749 788
751 743 909
752 743 3285
753 747 3499
754 745 4095
755 754 1390
756 753 1951
757 747 532
758 752 3029
759 754 3531
760 757 4950
761 758 4925
762 757 1802
763 755 2185
764 762 882
765 758 3060
766 762 909
767 757 3030
768 765 1698
769 761 2688
770 766 743
771 766 3777
772 764 3723
773 769 4260
774 766 3351
775 767 2032
776 774 3181
777 772 1780
778 776 4753
779 777 1782
780 779 1273
781 778 2955
782 775 2573
783 780 4464
784 781 3640
785 781 4376
786 782 2379
787 777 4574
788 785 4431
789 786 704
790 787 2503
791 789 3473
792 786 3322
793 791 1064
794 785 1532
795 791 881
796 788 4275
797 788 1326
798 793 907
799 792 3142
800 793 554
801 799 356
802 792 2937
803 795 2489
804 795 759
805 799 2012
806 796 2186
807 802 4025
808 800 149
809 807 2064
810 801 3210
811 803 171
812 804 780
813 809 1247
814 810 2258
815 805 1996
816 810 2352
817 815 2338
818 813 3545
819 810 1506
820 816 682
821 817 1335
822 815 3599
823 822 994
824 818 186
825 823 2271
826 816 455
827 820 2659
828 823 2729
829 824 2470
830 820 2757
831 827 1856
832 822 874
833 827 1611
834 829 1229
835 825 918
836 832 19
837 827 85
838 834 3706
839 831 1629
840 835 2190
841 832 3354
842 839 4426
843 841 2367
844 840 2494
845 840 2332
846 842 2694
847 845 2075
848 840 3806
849 839 4537
850 842 3529
851 845 1937
852 847 2782
853 846 4401
854 850 2461
855 851 4220
856 851 1757
857 848 1943
858 855 2304
859 852 3489
860 853 1557
861 857 4528
862 861 1297
863 860 2679
864 862 4307
865 859 1355
866 857 4298
867 864 4169
868 858 19
869 865 1341
870 863 1978
871 865 2268
872 863 3633
873 866 1916
874 869 4317
875 870 2328
876 874 1909
877 872 1233
878 870 3500
879 878 2854
880 872 4577
881 873 3380
882 873 3853
883 877 3192
884 876 3942
885 880 820
886 876 4074
887 883 1473
888 886 4150
889 887 2009
890 885 4161
891 886 3076
892 884 2782
893 886 218
894 892 73
895 894 2663
896 887 2057
897 887 1748
898 897 3061
899 891 1140
900 893 3035
901 899 3526
902 899 2057
903 899 2466
904 901 2560
905 903 1262
906 898 3305
907 899 866
908 905 85
909 900 134
910 907 2311
911 910 525
912 910 3443
913 911 4450
914 905 3912
915 906 3177
916 910 675
917 912 3105
918 912 3737
919 912 3488
920 913 2281
921 916 2826
922 921 19
923 914 3010
924 914 2180
925 922 3902
926 917 4487
927 925 3415
928 922 1844
929 925 1654
930 924 271
931 928 162
932 927 3172
933 923 2361
934 930 4819
935 928 1052
936 930 1324
937 932 1388
938 934 633
939 933 2681
940 933 2516
941 938 3209
942 940 1388
943 940 4017
944 934 4699
945 940 3637
946 943 4634
947 941 3332
948 940 1307
949 946 1896
950 945 1988
951 946 3952
952 948 3011
953 949 4573
954 952 3860
955 952 210
956 955 3507
957 952 4047
958 953 286
959 949 3659
960 956 1776
961 954 4890
962 960 4022
963 954 3431
964 961 4863
965 964 2150
966 960 2353
967 964 1082
968 959 4632
969 966 2860
970 967 1854
971 969 4287
972 970 2473
973 972 1057
974 964 972
975 970 4072
976 973 1438
977 968 1002
978 968 3312
979 974 3544
980 979 4268
981 978 1155
982 978 2109
983 979 4948
984 975 4667
985 983 1319
986 977 2151
987 986 3599
988 980 3502
989 987 4610
990 983 2545
991 990 2278
992 982 1103
993 989 1975
994 991 906
995 994 2626
996 995 4187
997 993 2957
998 988 4154
999 989 2550
1000 991 1285