1000
2 1 1
3 1 1
4 2 1
5 4 1
6 4 1
7 3 1
8 3 1
9 8 1
10 1 1
11 7 1
12 1 1
13 3 1
14 4 1
15 10 1
16 7 1
17 7 1
18 3 1
19 7 1
20 8 1
21 8 1
22 10 1
23 1 1
24 2 1
25 4 1
26 8 1
27 2 1
28 8 1
29 4 1
30 9 1
31 9 1
32 6 1
33 8 1
34 7 1
35 1 1
36 10 1
37 9 1
38 9 1
39 1 1
40 6 1
41 6 1
42 3 1
43 10 1
44 7 1
45 4 1
46 5 1
47 7 1
48 7 1
49 5 1
50 3 1
51 4 1
52 6 1
53 2 1
54 4 1
55 7 1
56 4 1
57 2 1
58 10 1
59 1 1
60 10 1
61 5 1
62 7 1
63 1 1
64 2 1
65 3 1
66 1 1
67 4 1
68 6 1
69 4 1
70 10 1
71 9 1
72 8 1
73 3 1
74 2 1
75 2 1
76 5 1
77 10 1
78 5 1
79 8 1
80 10 1
81 2 1
82 5 1
83 4 1
84 1 1
85 5 1
86 4 1
87 4 1
88 4 1
89 1 1
90 7 1
91 9 1
92 9 1
93 8 1
94 1 1
95 1 1
96 9 1
97 3 1
98 9 1
99 5 1
100 4 1
101 2 1
102 2 1
103 4 1
104 5 1
105 4 1
106 6 1
107 4 1
108 1 1
109 2 1
110 3 1
111 5 1
112 8 1
113 2 1
114 2 1
115 9 1
116 10 1
117 4 1
118 10 1
119 7 1
120 9 1
121 7 1
122 10 1
123 6 1
124 7 1
125 2 1
126 1 1
127 1 1
128 2 1
129 1 1
130 3 1
131 3 1
132 1 1
133 10 1
134 5 1
135 9 1
136 10 1
137 2 1
138 9 1
139 7 1
140 10 1
141 1 1
142 4 1
143 3 1
144 8 1
145 2 1
146 1 1
147 7 1
148 7 1
149 3 1
150 1 1
151 6 1
152 3 1
153 3 1
154 7 1
155 7 1
156 2 1
157 6 1
158 7 1
159 4 1
160 4 1
161 6 1
162 2 1
163 10 1
164 9 1
165 1 1
166 4 1
167 9 1
168 8 1
169 4 1
170 9 1
171 9 1
172 5 1
173 3 1
174 8 1
175 9 1
176 4 1
177 8 1
178 8 1
179 6 1
180 1 1
181 4 1
182 4 1
183 9 1
184 1 1
185 8 1
186 10 1
187 9 1
188 4 1
189 9 1
190 7 1
191 5 1
192 5 1
193 6 1
194 4 1
195 4 1
196 9 1
197 4 1
198 4 1
199 7 1
200 9 1
201 3 1
202 10 1
203 4 1
204 4 1
205 2 1
206 1 1
207 10 1
208 5 1
209 9 1
210 3 1
211 5 1
212 8 1
213 2 1
214 3 1
215 1 1
216 2 1
217 3 1
218 10 1
219 2 1
220 1 1
221 5 1
222 6 1
223 9 1
224 7 1
225 5 1
226 5 1
227 10 1
228 10 1
229 4 1
230 10 1
231 1 1
232 5 1
233 2 1
234 7 1
235 9 1
236 4 1
237 1 1
238 6 1
239 9 1
240 7 1
241 1 1
242 4 1
243 5 1
244 7 1
245 3 1
246 7 1
247 3 1
248 3 1
249 4 1
250 3 1
251 6 1
252 4 1
253 2 1
254 6 1
255 4 1
256 8 1
257 2 1
258 7 1
259 10 1
260 8 1
261 2 1
262 1 1
263 2 1
264 10 1
265 2 1
266 1 1
267 7 1
268 5 1
269 5 1
270 7 1
271 1 1
272 8 1
273 1 1
274 6 1
275 1 1
276 2 1
277 1 1
278 2 1
279 5 1
280 9 1
281 2 1
282 7 1
283 7 1
284 2 1
285 4 1
286 7 1
287 3 1
288 6 1
289 4 1
290 1 1
291 3 1
292 5 1
293 6 1
294 2 1
295 5 1
296 1 1
297 3 1
298 6 1
299 5 1
300 2 1
301 10 1
302 8 1
303 9 1
304 7 1
305 2 1
306 9 1
307 4 1
308 7 1
309 5 1
310 3 1
311 7 1
312 10 1
313 2 1
314 2 1
315 6 1
316 6 1
317 4 1
318 10 1
319 6 1
320 5 1
321 8 1
322 2 1
323 2 1
324 4 1
325 5 1
326 7 1
327 2 1
328 9 1
329 1 1
330 1 1
331 9 1
332 5 1
333 7 1
334 3 1
335 9 1
336 4 1
337 8 1
338 10 1
339 10 1
340 5 1
341 4 1
342 6 1
343 1 1
344 2 1
345 4 1
346 3 1
347 3 1
348 5 1
349 7 1
350 10 1
351 7 1
352 3 1
353 1 1
354 1 1
355 4 1
356 8 1
357 7 1
358 6 1
359 3 1
360 5 1
361 7 1
362 5 1
363 7 1
364 5 1
365 4 1
366 3 1
367 3 1
368 10 1
369 3 1
370 2 1
371 8 1
372 5 1
373 10 1
374 1 1
375 2 1
376 3 1
377 2 1
378 10 1
379 10 1
380 3 1
381 5 1
382 8 1
383 3 1
384 1 1
385 5 1
386 6 1
387 5 1
388 7 1
389 10 1
390 1 1
391 8 1
392 3 1
393 7 1
394 6 1
395 9 1
396 10 1
397 10 1
398 7 1
399 8 1
400 2 1
401 10 1
402 4 1
403 3 1
404 5 1
405 3 1
406 2 1
407 3 1
408 10 1
409 9 1
410 2 1
411 7 1
412 7 1
413 7 1
414 1 1
415 10 1
416 9 1
417 2 1
418 6 1
419 10 1
420 8 1
421 8 1
422 7 1
423 10 1
424 2 1
425 4 1
426 6 1
427 8 1
428 5 1
429 3 1
430 2 1
431 3 1
432 6 1
433 2 1
434 8 1
435 3 1
436 2 1
437 6 1
438 8 1
439 9 1
440 4 1
441 4 1
442 6 1
443 8 1
444 8 1
445 5 1
446 1 1
447 6 1
448 7 1
449 6 1
450 10 1
451 8 1
452 5 1
453 7 1
454 1 1
455 4 1
456 4 1
457 4 1
458 1 1
459 1 1
460 7 1
461 4 1
462 9 1
463 7 1
464 8 1
465 10 1
466 2 1
467 5 1
468 9 1
469 8 1
470 9 1
471 4 1
472 4 1
473 7 1
474 7 1
475 5 1
476 3 1
477 9 1
478 3 1
479 8 1
480 4 1
481 10 1
482 2 1
483 10 1
484 3 1
485 4 1
486 8 1
487 9 1
488 2 1
489 5 1
490 10 1
491 9 1
492 5 1
493 8 1
494 3 1
495 10 1
496 6 1
497 9 1
498 1 1
499 9 1
500 3 1
501 7 1
502 8 1
503 9 1
504 7 1
505 6 1
506 5 1
507 9 1
508 1 1
509 6 1
510 2 1
511 6 1
512 1 1
513 4 1
514 8 1
515 8 1
516 3 1
517 9 1
518 5 1
519 4 1
520 2 1
521 4 1
522 3 1
523 5 1
524 9 1
525 1 1
526 10 1
527 7 1
528 5 1
529 7 1
530 10 1
531 5 1
532 8 1
533 4 1
534 5 1
535 7 1
536 3 1
537 3 1
538 3 1
539 7 1
540 10 1
541 10 1
542 8 1
543 7 1
544 3 1
545 4 1
546 8 1
547 1 1
548 10 1
549 5 1
550 8 1
551 7 1
552 4 1
553 8 1
554 8 1
555 10 1
556 4 1
557 4 1
558 1 1
559 7 1
560 7 1
561 9 1
562 4 1
563 5 1
564 7 1
565 8 1
566 8 1
567 8 1
568 10 1
569 2 1
570 6 1
571 1 1
572 7 1
573 8 1
574 5 1
575 2 1
576 6 1
577 7 1
578 2 1
579 5 1
580 3 1
581 10 1
582 7 1
583 10 1
584 10 1
585 4 1
586 1 1
587 1 1
588 7 1
589 5 1
590 4 1
591 9 1
592 3 1
593 6 1
594 1 1
595 2 1
596 6 1
597 4 1
598 10 1
599 6 1
600 6 1
601 1 1
602 2 1
603 9 1
604 10 1
605 7 1
606 10 1
607 7 1
608 4 1
609 6 1
610 4 1
611 7 1
612 2 1
613 6 1
614 5 1
615 7 1
616 2 1
617 5 1
618 6 1
619 3 1
620 7 1
621 8 1
622 1 1
623 5 1
624 8 1
625 7 1
626 8 1
627 2 1
628 7 1
629 3 1
630 6 1
631 3 1
632 8 1
633 6 1
634 10 1
635 3 1
636 9 1
637 9 1
638 10 1
639 3 1
640 4 1
641 4 1
642 7 1
643 2 1
644 1 1
645 7 1
646 8 1
647 8 1
648 2 1
649 4 1
650 1 1
651 2 1
652 8 1
653 7 1
654 9 1
655 8 1
656 1 1
657 7 1
658 1 1
659 4 1
660 10 1
661 9 1
662 10 1
663 1 1
664 10 1
665 2 1
666 10 1
667 6 1
668 6 1
669 2 1
670 9 1
671 3 1
672 6 1
673 3 1
674 10 1
675 4 1
676 1 1
677 10 1
678 4 1
679 2 1
680 9 1
681 1 1
682 10 1
683 4 1
684 3 1
685 5 1
686 5 1
687 1 1
688 8 1
689 2 1
690 3 1
691 2 1
692 8 1
693 6 1
694 4 1
695 5 1
696 5 1
697 7 1
698 2 1
699 10 1
700 8 1
701 2 1
702 2 1
703 10 1
704 5 1
705 8 1
706 7 1
707 6 1
708 8 1
709 6 1
710 7 1
711 1 1
712 3 1
713 10 1
714 6 1
715 9 1
716 10 1
717 7 1
718 9 1
719 6 1
720 7 1
721 10 1
722 9 1
723 5 1
724 9 1
725 8 1
726 6 1
727 10 1
728 10 1
729 5 1
730 10 1
731 5 1
732 9 1
733 5 1
734 4 1
735 7 1
736 10 1
737 10 1
738 9 1
739 5 1
740 9 1
741 10 1
742 3 1
743 2 1
744 5 1
745 2 1
746 10 1
747 8 1
748 1 1
749 5 1
750 6 1
751 8 1
752 8 1
753 6 1
754 3 1
755 9 1
756 4 1
757 7 1
758 1 1
759 8 1
760 3 1
761 7 1
762 6 1
763 3 1
764 7 1
765 3 1
766 3 1
767 9 1
768 6 1
769 9 1
770 9 1
771 10 1
772 8 1
773 4 1
774 8 1
775 8 1
776 7 1
777 7 1
778 1 1
779 8 1
780 8 1
781 8 1
782 9 1
783 5 1
784 9 1
785 2 1
786 7 1
787 3 1
788 2 1
789 6 1
790 4 1
791 4 1
792 9 1
793 1 1
794 3 1
795 2 1
796 5 1
797 1 1
798 6 1
799 3 1
800 9 1
801 2 1
802 3 1
803 3 1
804 7 1
805 7 1
806 1 1
807 5 1
808 9 1
809 6 1
810 2 1
811 7 1
812 7 1
813 4 1
814 10 1
815 5 1
816 9 1
817 1 1
818 4 1
819 6 1
820 6 1
821 1 1
822 7 1
823 1 1
824 5 1
825 6 1
826 1 1
827 7 1
828 1 1
829 7 1
830 3 1
831 6 1
832 2 1
833 8 1
834 9 1
835 7 1
836 6 1
837 7 1
838 9 1
839 3 1
840 1 1
841 3 1
842 5 1
843 6 1
844 4 1
845 7 1
846 7 1
847 6 1
848 2 1
849 8 1
850 4 1
851 4 1
852 7 1
853 10 1
854 8 1
855 9 1
856 5 1
857 2 1
858 8 1
859 1 1
860 7 1
861 4 1
862 5 1
863 2 1
864 4 1
865 6 1
866 6 1
867 9 1
868 6 1
869 3 1
870 10 1
871 3 1
872 3 1
873 2 1
874 5 1
875 3 1
876 6 1
877 1 1
878 7 1
879 9 1
880 9 1
881 6 1
882 6 1
883 3 1
884 4 1
885 9 1
886 10 1
887 2 1
888 1 1
889 10 1
890 3 1
891 4 1
892 9 1
893 8 1
894 7 1
895 8 1
896 9 1
897 3 1
898 3 1
899 8 1
900 2 1
901 8 1
902 10 1
903 9 1
904 9 1
905 2 1
906 2 1
907 5 1
908 6 1
909 5 1
910 4 1
911 4 1
912 6 1
913 10 1
914 2 1
915 1 1
916 8 1
917 2 1
918 9 1
919 5 1
920 7 1
921 5 1
922 8 1
923 6 1
924 1 1
925 7 1
926 4 1
927 5 1
928 6 1
929 7 1
930 5 1
931 4 1
932 8 1
933 9 1
934 8 1
935 1 1
936 6 1
937 8 1
938 5 1
939 3 1
940 8 1
941 6 1
942 6 1
943 7 1
944 7 1
945 9 1
946 8 1
947 10 1
948 6 1
949 6 1
950 1 1
951 7 1
952 4 1
953 9 1
954 2 1
955 8 1
956 10 1
957 5 1
958 8 1
959 2 1
960 8 1
961 8 1
962 9 1
963 9 1
964 10 1
965 1 1
966 6 1
967 8 1
968 2 1
969 1 1
970 6 1
971 10 1
972 8 1
973 7 1
974 7 1
975 2 1
976 9 1
977 2 1
978 10 1
979 3 1
980 9 1
981 4 1
982 10 1
983 1 1
984 7 1
985 8 1
986 10 1
987 10 1
988 7 1
989 1 1
990 1 1
991 2 1
992 1 1
993 3 1
994 5 1
995 1 1
996 7 1
997 8 1
998 7 1
999 7 1
1000 3 1
======
00:00:00.0781250
Elapsed Time: 00:00:00.0312500
Score: 16066.3235794374
501 868
0 0
-900 -518
-872 -505
1027 1779

Running test case2
======
1000
2 1 1
3 2 1
4 1 1
5 2 1
6 5 1
7 1 1
8 4 1
9 7 1
10 7 1
11 8 1
12 10 1
13 8 1
14 6 1
15 1 1
16 1 1
17 10 1
18 7 1
19 1 1
20 1 1
21 7 1
22 10 1
23 7 1
24 4 1
25 2 1
26 5 1
27 2 1
28 5 1
29 8 1
30 10 1
31 4 1
32 10 1
33 1 1
34 10 1
35 8 1
36 2 1
37 1 1
38 4 1
39 9 1
40 6 1
41 1 1
42 10 1
43 1 1
44 9 1
45 2 1
46 6 1
47 6 1
48 2 1
49 8 1
50 7 1
51 1 1
52 10 1
53 2 1
54 4 1
55 1 1
56 10 1
57 1 1
58 2 1
59 10 1
60 9 1
61 8 1
62 7 1
63 9 1
64 9 1
65 4 1
66 8 1
67 10 1
68 8 1
69 8 1
70 9 1
71 1 1
72 7 1
73 8 1
74 6 1
75 10 1
76 8 1
77 10 1
78 9 1
79 3 1
80 7 1
81 10 1
82 10 1
83 8 1
84 2 1
85 9 1
86 5 1
87 8 1
88 7 1
89 10 1
90 8 1
91 2 1
92 9 1
93 4 1
94 10 1
95 8 1
96 5 1
97 2 1
98 2 1
99 5 1
100 4 1
101 6 1
102 8 1
103 5 1
104 9 1
105 6 1
106 5 1
107 2 1
108 7 1
109 4 1
110 4 1
111 1 1
112 3 1
113 9 1
114 4 1
115 10 1
116 8 1
117 9 1
118 8 1
119 10 1
120 9 1
121 10 1
122 3 1
123 9 1
124 1 1
125 8 1
126 2 1
127 3 1
128 8 1
129 9 1
130 6 1
131 6 1
132 8 1
133 4 1
134 9 1
135 1 1
136 2 1
137 6 1
138 9 1
139 6 1
140 5 1
141 4 1
142 2 1
143 3 1
144 6 1
145 8 1
146 10 1
147 10 1
148 10 1
149 1 1
150 10 1
151 6 1
152 5 1
153 3 1
154 7 1
155 5 1
156 3 1
157 10 1
158 5 1
159 2 1
160 4 1
161 2 1
162 4 1
163 9 1
164 9 1
165 8 1
166 3 1
167 9 1
168 1 1
169 3 1
170 8 1
171 3 1
172 1 1
173 2 1
174 6 1
175 6 1
176 9 1
177 10 1
178 3 1
179 3 1
180 9 1
181 2 1
182 4 1
183 8 1
184 9 1
185 1 1
186 2 1
187 6 1
188 8 1
189 5 1
190 9 1
191 3 1
192 2 1
193 7 1
194 2 1
195 3 1
196 1 1
197 4 1
198 5 1
199 9 1
200 5 1
201 1 1
202 10 1
203 8 1
204 3 1
205 8 1
206 6 1
207 3 1
208 7 1
209 1 1
210 7 1
211 3 1
212 8 1
213 2 1
214 4 1
215 3 1
216 9 1
217 6 1
218 1 1
219 9 1
220 7 1
221 8 1
222 1 1
223 6 1
224 5 1
225 6 1
226 2 1
227 4 1
228 1 1
229 4 1
230 6 1
231 5 1
232 6 1
233 5 1
234 8 1
235 8 1
236 3 1
237 7 1
238 5 1
239 1 1
240 5 1
241 9 1
242 9 1
243 7 1
244 9 1
245 6 1
246 5 1
247 10 1
248 4 1
249 10 1
250 4 1
251 5 1
252 4 1
253 7 1
254 2 1
255 8 1
256 1 1
257 5 1
258 3 1
259 8 1
260 6 1
261 2 1
262 3 1
263 4 1
264 6 1
265 2 1
266 8 1
267 4 1
268 4 1
269 7 1
270 10 1
271 3 1
272 1 1
273 10 1
274 4 1
275 8 1
276 10 1
277 4 1
278 8 1
279 9 1
280 1 1
281 2 1
282 1 1
283 2 1
284 10 1
285 2 1
286 2 1
287 10 1
288 3 1
289 1 1
290 7 1
291 8 1
292 4 1
293 8 1
294 5 1
295 3 1
296 7 1
297 5 1
298 2 1
299 8 1
300 9 1
301 2 1
302 7 1
303 8 1
304 10 1
305 2 1
306 4 1
307 4 1
308 3 1
309 4 1
310 9 1
311 7 1
312 8 1
313 4 1
314 8 1
315 5 1
316 2 1
317 1 1
318 4 1
319 5 1
320 1 1
321 9 1
322 1 1
323 3 1
324 10 1
325 3 1
326 9 1
327 4 1
328 5 1
329 1 1
330 2 1
331 5 1
332 3 1
333 10 1
334 1 1
335 9 1
336 6 1
337 4 1
338 2 1
339 9 1
340 8 1
341 8 1
342 7 1
343 10 1
344 3 1
345 1 1
346 1 1
347 10 1
348 1 1
349 1 1
350 2 1
351 6 1
352 1 1
353 7 1
354 8 1
355 10 1
356 1 1
357 4 1
358 8 1
359 8 1
360 3 1
361 10 1
362 10 1
363 3 1
364 3 1
365 4 1
366 5 1
367 8 1
368 4 1
369 9 1
370 10 1
371 9 1
372 10 1
373 5 1
374 7 1
375 3 1
376 2 1
377 2 1
378 1 1
379 10 1
380 2 1
381 9 1
382 3 1
383 5 1
384 10 1
385 6 1
386 4 1
387 7 1
388 3 1
389 1 1
390 9 1
391 2 1
392 6 1
393 5 1
394 7 1
395 8 1
396 8 1
397 5 1
398 7 1
399 9 1
400 7 1
401 4 1
402 7 1
403 3 1
404 2 1
405 3 1
406 7 1
407 7 1
408 10 1
409 5 1
410 9 1
411 10 1
412 4 1
413 9 1
414 7 1
415 4 1
416 8 1
417 5 1
418 3 1
419 8 1
420 1 1
421 9 1
422 5 1
423 3 1
424 1 1
425 8 1
426 4 1
427 6 1
428 9 1
429 10 1
430 5 1
431 8 1
432 5 1
433 2 1
434 4 1
435 8 1
436 3 1
437 1 1
438 4 1
439 8 1
440 9 1
441 8 1
442 7 1
443 9 1
444 3 1
445 10 1
446 9 1
447 7 1
448 9 1
449 4 1
450 1 1
451 4 1
452 3 1
453 10 1
454 9 1
455 8 1
456 10 1
457 5 1
458 3 1
459 4 1
460 10 1
461 2 1
462 8 1
463 1 1
464 10 1
465 2 1
466 5 1
467 2 1
468 6 1
469 9 1
470 2 1
471 7 1
472 2 1
473 6 1
474 9 1
475 3 1
476 2 1
477 6 1
478 10 1
479 1 1
480 10 1
481 7 1
482 7 1
483 6 1
484 9 1
485 2 1
486 6 1
487 6 1
488 4 1
489 6 1
490 9 1
491 8 1
492 9 1
493 1 1
494 9 1
495 8 1
496 10 1
497 7 1
498 10 1
499 2 1
500 5 1
501 8 1
502 2 1
503 10 1
504 3 1
505 5 1
506 2 1
507 7 1
508 2 1
509 6 1
510 7 1
511 4 1
512 5 1
513 2 1
514 4 1
515 3 1
516 5 1
517 3 1
518 2 1
519 8 1
520 7 1
521 10 1
522 8 1
523 1 1
524 1 1
525 4 1
526 9 1
527 2 1
528 8 1
529 1 1
530 4 1
531 6 1
532 7 1
533 9 1
534 6 1
535 3 1
536 5 1
537 8 1
538 4 1
539 5 1
540 1 1
541 9 1
542 4 1
543 9 1
544 9 1
545 6 1
546 4 1
547 8 1
548 7 1
549 6 1
550 3 1
551 8 1
552 5 1
553 2 1
554 6 1
555 6 1
556 10 1
557 2 1
558 9 1
559 9 1
560 7 1
561 1 1
562 10 1
563 1 1
564 3 1
565 2 1
566 7 1
567 7 1
568 6 1
569 2 1
570 8 1
571 8 1
572 9 1
573 8 1
574 8 1
575 8 1
576 6 1
577 9 1
578 2 1
579 6 1
580 10 1
581 1 1
582 6 1
583 2 1
584 9 1
585 6 1
586 1 1
587 6 1
588 4 1
589 1 1
590 3 1
591 4 1
592 9 1
593 5 1
594 9 1
595 10 1
596 10 1
597 4 1
598 7 1
599 8 1
600 9 1
601 7 1
602 2 1
603 5 1
604 8 1
605 6 1
606 9 1
607 8 1
608 4 1
609 8 1
610 1 1
611 1 1
612 1 1
613 4 1
614 10 1
615 6 1
616 6 1
617 8 1
618 3 1
619 7 1
620 1 1
621 1 1
622 4 1
623 6 1
624 10 1
625 5 1
626 9 1
627 5 1
628 9 1
629 8 1
630 9 1
631 2 1
632 3 1
633 4 1
634 7 1
635 3 1
636 9 1
637 1 1
638 4 1
639 3 1
640 8 1
641 4 1
642 2 1
643 6 1
644 10 1
645 2 1
646 4 1
647 6 1
648 6 1
649 4 1
650 5 1
651 2 1
652 2 1
653 1 1
654 8 1
655 8 1
656 4 1
657 7 1
658 6 1
659 4 1
660 8 1
661 4 1
662 9 1
663 7 1
664 9 1
665 10 1
666 9 1
667 7 1
668 7 1
669 7 1
670 7 1
671 5 1
672 4 1
673 10 1
674 9 1
675 7 1
676 10 1
677 8 1
678 6 1
679 8 1
680 2 1
681 4 1
682 10 1
683 6 1
684 3 1
685 7 1
686 1 1
687 3 1
688 7 1
689 10 1
690 10 1
691 3 1
692 6 1
693 1 1
694 5 1
695 4 1
696 6 1
697 6 1
698 7 1
699 10 1
700 4 1
701 8 1
702 9 1
703 10 1
704 7 1
705 1 1
706 9 1
707 2 1
708 2 1
709 1 1
710 9 1
711 7 1
712 1 1
713 8 1
714 3 1
715 5 1
716 5 1
717 3 1
718 4 1
719 3 1
720 10 1
721 7 1
722 10 1
723 8 1
724 8 1
725 5 1
726 9 1
727 4 1
728 5 1
729 6 1
730 2 1
731 4 1
732 1 1
733 7 1
734 5 1
735 4 1
736 5 1
737 10 1
738 9 1
739 3 1
740 9 1
741 9 1
742 1 1
743 7 1
744 1 1
745 3 1
746 2 1
747 8 1
748 8 1
749 1 1
750 9 1
751 3 1
752 3 1
753 5 1
754 1 1
755 8 1
756 8 1
757 1 1
758 2 1
759 3 1
760 2 1
761 6 1
762 7 1
763 7 1
764 9 1
765 5 1
766 6 1
767 5 1
768 4 1
769 9 1
770 10 1
771 5 1
772 5 1
773 1 1
774 4 1
775 1 1
776 6 1
777 3 1
778 7 1
779 5 1
780 3 1
781 2 1
782 6 1
783 5 1
784 7 1
785 10 1
786 2 1
787 6 1
788 6 1
789 8 1
790 7 1
791 4 1
792 8 1
793 6 1
794 1 1
795 4 1
796 3 1
797 5 1
798 9 1
799 6 1
800 7 1
801 7 1
802 5 1
803 10 1
804 2 1
805 5 1
806 8 1
807 2 1
808 2 1
809 1 1
810 2 1
811 6 1
812 5 1
813 8 1
814 1 1
815 1 1
816 1 1
817 3 1
818 1 1
819 10 1
820 4 1
821 1 1
822 10 1
823 6 1
824 3 1
825 6 1
826 7 1
827 9 1
828 10 1
829 1 1
830 9 1
831 1 1
832 5 1
833 1 1
834 8 1
835 7 1
836 7 1
837 6 1
838 3 1
839 2 1
840 2 1
841 10 1
842 5 1
843 6 1
844 6 1
845 2 1
846 10 1
847 1 1
848 6 1
849 1 1
850 4 1
851 10 1
852 5 1
853 10 1
854 3 1
855 7 1
856 8 1
857 9 1
858 8 1
859 7 1
860 8 1
861 10 1
862 2 1
863 1 1
864 2 1
865 1 1
866 1 1
867 4 1
868 10 1
869 5 1
870 4 1
871 5 1
872 10 1
873 9 1
874 8 1
875 5 1
876 6 1
877 5 1
878 1 1
879 2 1
880 6 1
881 7 1
882 4 1
883 10 1
884 8 1
885 9 1
886 7 1
887 6 1
888 9 1
889 2 1
890 9 1
891 9 1
892 9 1
893 7 1
894 5 1
895 3 1
896 8 1
897 4 1
898 4 1
899 5 1
900 1 1
901 7 1
902 2 1
903 2 1
904 8 1
905 9 1
906 10 1
907 6 1
908 2 1
909 8 1
910 2 1
911 3 1
912 9 1
913 7 1
914 1 1
915 2 1
916 6 1
917 3 1
918 4 1
919 3 1
920 4 1
921 6 1
922 5 1
923 8 1
924 6 1
925 5 1
926 6 1
927 4 1
928 5 1
929 6 1
930 8 1
931 2 1
932 1 1
933 6 1
934 1 1
935 9 1
936 5 1
937 2 1
938 3 1
939 9 1
940 10 1
941 2 1
942 4 1
943 2 1
944 1 1
945 6 1
946 1 1
947 3 1
948 6 1
949 3 1
950 7 1
951 5 1
952 10 1
953 1 1
954 1 1
955 5 1
956 3 1
957 4 1
958 7 1
959 3 1
960 4 1
961 7 1
962 2 1
963 6 1
964 1 1
965 10 1
966 3 1
967 3 1
968 6 1
969 2 1
970 7 1
971 5 1
972 1 1
973 6 1
974 4 1
975 3 1
976 3 1
977 3 1
978 8 1
979 10 1
980 5 1
981 4 1
982 8 1
983 2 1
984 10 1
985 3 1
986 2 1
987 1 1
988 5 1
989 7 1
990 7 1
991 2 1
992 6 1
993 10 1
994 6 1
995 3 1
996 1 1
997 8 1
998 2 1
999 1 1
1000 4 1